300000
4175069
6577643
9798012
3465709
8634185
1760155
519734
1877472
7062515
8956354
351521
7165637
6256534
3425091
4699031
2196224
664664
695406
9397329
8319634
1177591
1895158
4667680
92014
4097362
8513905
7704709
51787
5734094
8120933
7226500
5221900
5324565
5802792
6463539
4882395
2260575
7276234
2605100
1972459
29458
509939
9279389
757426
4343881
1980059
3976114
1736482
617736
6455666
2837867
2473229
1569211
5838345
753967
3797685
3432856
3492226
4456744
3652502
234370
9596000
4181982
6469748
213724
6529265
6841444
4669286
3159445
4042573
4941479
8119208
8499203
2376826
207797
1283545
2572621
6172779
8311568
7908246
4264566
8606135
3498706
4794034
6681471
5816502
5803353
8099788
6105484
9481444
5430666
24677
1519363
3742620
6136549
6549993
2428814
2913012
8600705
3538503
5299960
2484685
6295585
876526
2481736
4869585
6840909
9840672
1255516
3268300
7492404
7925605
2584987
7989380
8886789
7758454
5268532
6676549
5584880
9386350
6500105
452115
16013
8189457
8143863
2063210
1954378
6557932
6203511
8230999
4439281
9856550
3051335
8251070
2596944
759662
9294977
5609635
1218619
6467244
