300000
8334192
5294613
7007057
3848651
3392348
3656143
2695255
3272204
7493677
1453090
6576429
7897374
702490
5428699
9551011
5649679
2104597
1884632
1981854
3786372
2406109
717802
4875347
4171735
1549257
525666
8560650
912420
9236409
5387611
7823374
9741887
5881050
4090721
4112557
6069494
3074609
7341017
6656986
3039493
2162330
4437590
3420217
7575288
2380293
5648408
3939678
6927286
8900549
793628
4508569
50387
4507882
1165078
2489798
8273891
7602633
6388317
413359
5863398
148159
7524719
8877760
8881036
3129695
6802982
8336119
509491
787391
771509
1620357
9939970
5902017
5802000
3721581
1339753
5775280
4434740
370981
1163254
4319891
8464397
9143402
8833375
1171923
9402502
8306618
6328259
7767870
9687520
9381803
3043759
1344779
4991158
7053503
562210
4043140
4916859
6238110
8764531
8494075
4595607
6443168
8409664
9310410
7598525
8111316
325607
6057032
7070064
2320051
4571531
2614665
6108842
9386558
494559
7670253
8244579
1234186
4263209
3744912
4550423
3245509
3470194
5876702
1581329
7682002
3494873
9590049
1827477
6472904
7859880
15110
1594144
9021283
6949061
2015205
3170196
5143767
7391224
2359700
1237606
6191430
155070
6591174
6933743
6307643
1591915
624843
6106330
1893166
578666
7806934
3504407
1094477
5366816
106187
7255684
2933271
3118086
6311386
4436620
5049803
4186922
1620936
4565637
3826141
839136
912892
8685624
3244192
1773724
8136901
6239657
2162792
3133585
9937700
2166269
3228915
8088037
2235222
8977164
4327490
2099111
996967
7909045
7224406
7121503
343381
2263459
6923583
9389180
6963364
1149409
3388945
4544860
6189445
4088137
1619751
8591476
2161759
7115223
8715852
3519493
483004
6847611
8000523
1408937
4004976
3650403
2110259
3093764
8089535
7933592
1867857
4664901
7386550
3287771
6671778
2716651
7399171
1061003
6972558
7487092
5180065
404018
4635021
2934300
849582
3779108
4730234
2257522
4445831
3181694
2534977
3152419
379829
3886341
9323379
2711108
5931095
8080288
5484519
3577219
7711867
6505627
9346627
616613
5359168
5580591
7346562
691925
2572283
8878972
6995117
9415142
9479747
3815103
898685
9736852
2608868
6577100
3187313
1340206
1823881
6940989
4017095
1064981
5032396
2953729
5105373
925819
5905467
5481768
3620299
8182008
9912069
6974161
6715103
1144674
6155940
3216759
6853525
6096879
3626381
9711385
4152560
6741422
527515
951362
8092922
6901086
2282848
6062317
5226696
5226696
1896172
6022860
9286404
2218936
710710
8020204
8225611
5400247
2769478
1703660
5675580
5446907
4890565
7976553
6282065
7415643
8749601
1661275
7116333
2251742
6221478
5293396
8382005
7945826
4308515
4168184
874482
3642694
7436955
1532691
5946994
5816350
311270
6071734
2180608
4013828
6877771
6791422
2295004
4142893
4606194
363428
6729808
6249066
3057988
8053974
9783741
9185606
7216817
990280
185455
3797507
9753758
5620509
8655595
1726436
2567380
7247718
5595819
6509196
5140646
4577950
9111777
1647635
7590781
6934676
7204250
316283
5592811
9978262
2567849
7083940
1534284
1817431
7781611
61880
8430703
1926273
2259679
5526847
473156
5818540
6836030
8886583
9096283
8338262
702384
6728512
8953045
8701053
2438704
6821572
4615659
2017617
4879028
9329893
1018926
9747447
7695277
1476011
7654860
9413532
2156369
1218244
9454928
2295462
9090757
1097765
7743823
8429746
3687100
8365398
2305116
8847202
1889744
7864082
9920748
3834430
5094586
3040714
6734869
2489357
3911523
82888
9027164
6976090
2357944
6173004
12656
6080277
3180559
2438142
9607319
2137985
9245744
5812221
4859371
9894902
3558569
7095976
6120406
6349182
1076833
859682
1751181
3134143
9310454
2176343
5726816
9432204
2978575
1713797
7828954
9882051
3682828
4979658
1436091
4183031
249408
1130961
5763099
7739500
7117653
8533978
3453057
1688491
7302057
197252
4663999
5974027
479148
9149059
6690618
9857284
7923783
7254182
4679365
1861231
6332356
9039734
9294982
3168091
434428
9305421
1526388
3753030
899897
7605629
9476313
7821469
4865873
2303809
2883420
2498598
1017947
632607
9043325
7023086
3145044
4968913
2501704
800237
3063387
9381314
3188290
9652809
6724853
9485172
6791360
7400733
1791925
4292776
5942364
5764073
8643254
3067850
947201
9404244
9815415
1960403
1608825
7660124
4559806
3760723
3323281
8493499
9297723
4830576
5884079
4659672
8185119
9352463
8544102
1435610
9253409
6905052
6224303
6250629
7763758
3767235
7411445
5934745
4080715
4727300
5826633
8574686
5131280
5584694
3811998
7354906
3001880
3959259
1026776
4332071
4919502
5959353
8488593
3334923
1115065
324692
9700464
3920367
1507288
4121914
6115248
6460310
5800204
9642283
828656
8236373
3701102
7839832
8521343
3756148
802382
6312460
180719
5893517
9040995
4470842
6122962
2015203
7455881
1937688
7391944
548724
4310436
5870352
989138
3910278
9523607
9284115
202470
3812476
1021702
221108
2799922
8191580
6664242
3316243
5372807
2007989
8000072
8731222
2096113
9449171
2734542
4944579
6346221
9355463
5221314
4593897
3324067
5621337
7512160
3289083
8763228
764890
2275111
9467213
7186505
732001
2511224
735777
3666345
1109141
8258466
8608631
4787676
3754687
9972241
6082910
2269223
6223612
5367159
5724954
8707992
5889227
6218795
2634765
4115199
3776328
937538
1505039
8359425
1842815
2881247
2819387
4976771
8710841
9608264
6671652
9498934
5104679
8150830
4829918
6877824
3015077
3688702
6866994
4930457
8002722
3714529
8380425
7488661
119005
4177021
5777417
9854918
5918431
7482727
9868187
5668552
5188007
4427619
5428634
962647
2570805
40705
9997179
5224339
7304915
1057355
8619813
5006899
510872
8977066
281426
2501460
1175540
5284224
9505274
562999
1042910
1588042
9730591
5597399
96163
8584580
8267644
4485985
5416327
9523781
6991880
8724848
4208885
9485803
8491080
4956453
8486596
8535644
8245091
436375
292054
3686314
4907294
7284570
4370517
4367975
3543863
9636526
4802383
6524507
5908017
5421419
7399831
4506369
6132513
2493111
6462981
1470336
3755193
3781029
833038
2572686
3334599
5457224
4234535
8320228
1125148
6885575
574425
6132653
3183493
1101738
8616921
8935202
6391228
2350420
9108342
2957053
8248581
8938562
5687023
6827547
48218
480110
1608813
1763261
4537065
239028
7689465
5289189
9981106
6083527
3398710
5836516
8239793
9501109
7858688
8686531
3640972
9899607
1898487
738535
6020721
1297576
3092021
9492186
8615156
3012615
508337
1842650
4185128
3759139
4237140
4841617
6671141
9951652
6622370
9493128
9490472
4932691
93107
4747369
4801803
264778
961255
224484
168403
4748921
3695012
2259206
4441827
1159669
8809879
195687
9078897
630287
4769426
8072326
6231305
2381023
5817491
5413532
7935841
333774
1434077
163043
523281
7720827
4000446
873741
2110400
2296170
485017
300000
7343203
1706739
7477658
1485764
4119832
2215443
8993365
9437417
1011917
8079203
8977871
6410650
3846654
8432994
305533
7512366
3722279
6167039
2955764
1216753
6389977
117022
6374396
861202
2523435
1486650
1811707
5831203
6019974
7430295
4125063
6171009
5966297
3341846
2509421
8378809
1545390
688686
242137
6273852
6938469
5740771
4126022
202494
9594613
9882013
2435810
7588377
5857625
9769634
5440818
3774763
8312108
6416836
4157413
4701368
2281003
6593283
3552834
184961
668059
4165297
973105
300000
6111658
8439400
1534635
6950141
5403500
573862
948858
2383882
7526715
1596358
5923935
2222252
3323959
5452313
3162420
5092413
2115056
583294
4842669
2853341
648128
1399938
1541603
1174225
9163370
292308
7508553
9212479
2184222
4870277
6204395
164244
1180413
1805712
6265234
5762645
8216216
3658817
9427648
6110721
3573599
3004557
6378621
1269266
4548449
3912946
3575179
6123150
6893531
497586
5224463
2792593
2678748
7901378
923602
1923530
7370638
3898434
5910789
9824875
5804595
7003083
9697319
2090752
4110455
8189328
9357352
890698
1012558
4857209
2537464
8066199
6262238
531344
9011210
8608698
2331063
979149
1502046
7267013
3312665
4826118
3702327
4412882
55848
1361076
3928374
97756
7546489
658659
7794499
2449126
9818214
7549136
9793507
1033305
7353410
7646431
8503866
3487912
8403478
9200623
2656999
2509691
8146340
1049755
5169065
9922845
9293632
500353
3121646
1232244
6311130
2470815
3746479
2732401
4839669
2889337
9103328
4312433
9192649
917535
557440
9422348
9349497
6728338
9892223
8343420
5725752
4865975
943158
4874037
4519899
5261852
2777841
3112517
5838977
6297763
8518235
4480127
1435982
791440
391247
2589832
7185994
110314
722503
403691
2377985
2185209
4176171
9768671
7062089
8245098
4154632
9581513
7009802
6324366
4245877
1571229
9251778
1026087
6486603
6741741
1647453
4334878
1470459
297363
7389371
4551637
9156759
1801533
6734781
3983629
3560347
7819998
1034612
2944976
1221213
1356823
9361017
6077881
8553083
8761390
2526460
9528019
8284248
4686078
4973425
4863593
7961607
671560
9041812
4639811
106900
2619384
317649
5747157
1671160
8988041
4958117
7803438
618950
7450364
3850502
7845498
6922051
1485931
7170141
5890648
9987426
8678021
3978644
598691
6630793
2009949
6708186
868103
8149084
1991806
