300000
8465887
7668607
3955593
6499465
4674842
1680304
1906180
2437170
4731686
602522
6848682
2740795
8955921
854492
8240177
5170819
8910921
8221212
7598528
212860
5508525
1469572
2352966
6774589
6739650
3675141
3272658
1771505
6313102
4054394
9808681
8425357
9679498
1458650
5279827
8295885
1075634
2896964
5004929
4757669
7045967
9783566
5597165
3264556
5092083
3734622
8016907
8476103
6554424
3816382
4157233
6608898
8939004
5475297
401012
6357503
8425279
9693847
3686771
1988371
2447544
9466600
6714711
7447768
207381
9758459
6363454
9919140
2085495
1838923
9459070
5510973
2314143
9184479
783884
5025587
158570
6799026
6560924
7061995
4245919
7641709
7227802
6737975
8028449
5767228
3892069
5304372
3609655
9869982
6747321
60182
1438253
1782185
2778263
7013367
6017956
9885330
3496426
957058
440849
2108923
5971647
1230672
1927119
2907275
5292838
2541459
5764023
3164079
251404
5085631
2614397
3552696
4139526
529473
1318631
5449975
8573984
3143801
868930
1877916
9799954
4796267
9502287
7382085
3561416
7698959
5867835
3177217
2115842
3724633
2357564
7722925
1364695
9730980
1923819
7848578
7928455
2280438
