300000
1197851
7681690
3488014
977959
93283
6417684
2578470
1456807
9524360
7734748
2056881
3370810
1356077
8962492
9631539
4997363
6781078
5540822
5418043
4791497
8052962
5390688
1026480
3420661
8763630
3255576
3052904
146654
7391249
9622097
3792339
5044717
451381
5345740
6442856
4367846
1985507
5588577
693972
7041012
1230535
5148322
1865606
5358123
1077817
3701144
6621578
8630653
2536390
2214461
9735957
1409980
8677440
9183473
2935100
1281995
3311469
9228609
1576686
2604280
263393
470902
3018214
599421
4520222
6914855
3430151
5332061
2935883
5769182
4115195
6200453
2981400
9483747
1047636
5222189
7749022
2479884
6797924
1477422
7101953
1667288
607476
4795928
7389588
2547110
999378
2674005
462667
8805886
586050
2244721
9467571
5273655
8890121
9520769
6430317
6790823
3127801
9951845
6150653
642115
3269684
5434566
5234172
6871388
8244503
628895
6948336
8197953
6456029
7910934
1883736
6854447
8972160
7967436
2774399
3271846
2444239
1919184
4291831
1443735
7398723
2201026
3892834
3389805
7891248
6462274
1735709
6264384
9830620
3505318
4625434
5499970
6993881
1482099
5690083
7335519
4202033
1920271
4167546
6016421
3124505
1000535
2617804
3379374
1952031
2804772
6231028
4542899
8908831
6175661
2691863
4745150
4826762
5474091
78308
2602370
8719783
5057607
6581305
885936
7939084
39343
6201406
6939596
6227542
708933
1322926
8986144
1778882
1538993
29090
4855699
3077314
7372893
2845382
914279
3522957
3635069
593341
3800848
1026024
6233179
730400
2836858
2836858
4861887
2851927
9261621
7861044
1681605
8429913
1881713
4013347
836394
648451
7327452
2021704
4682575
5220504
7099931
3690564
9709550
9709550
1854236
9414498
6273727
4486682
5191827
3718036
8573344
4606248
3572596
9993137
5438110
7216207
8523473
4439977
9445114
8342394
6791282
9278546
5540718
6149029
5213036
8262657
7443038
4976684
4822829
4113791
6308257
2497659
1096424
7565334
5069156
4048906
2492021
9139518
1257756
6661814
8386537
1911471
1623126
8836504
1818939
985226
8968710
7427244
6489368
5369879
716356
9380896
5821927
297705
7246465
5370720
6606784
6649811
48843
6636687
3843709
8269988
8332040
8216753
6652932
6254517
7958613
3133684
9133456
1193141
4846002
6717187
4822897
2321452
4305218
8384795
4456695
738519
9427186
6131624
5689699
9396169
1943936
5040381
6646864
2648034
1217212
1432978
6642912
4327476
5235911
3777828
7805583
197832
9862285
1745771
8483366
8382456
9633944
2438493
526172
9617966
2405254
8813790
8956444
3028368
2125408
5370648
1601000
8602226
4839122
3766470
923333
8711069
6724071
157106
4330911
7191423
2809597
9870795
887446
2924598
1783152
8247740
1645135
8599049
2620676
4348740
4641753
3437304
1857420
4251139
4340623
2052423
2268989
9574371
9574371
6421426
9938009
3316774
8117087
8117087
506459
698259
7180972
9693641
2874783
7487409
8642477
5960774
1683369
6734417
9077934
3453558
5777265
975551
8790615
370041
6937180
7881241
908374
2879595
6418760
3914050
538742
8121176
6984484
6355704
5919480
5143176
4450448
503945
2164145
200951
1248650
8422391
7792196
3575798
9037933
3264288
8735025
5951295
7229249
2757569
9870313
6012387
4392378
7493814
1985502
5369636
6319417
493245
3148207
8969166
9618334
6676935
7983744
8376820
619473
1919373
599045
6931336
1892368
8748764
9521222
3296710
5562705
379993
1867303
1867303
992055
8949721
8464712
9637892
6483199
744115
1136949
2225584
6735667
8144184
7542098
4950006
4643061
7977083
5722962
137533
3409976
572671
7055142
7250434
9749139
8878385
4491338
1380678
3376498
2391281
7992119
1248268
6174920
5335667
3738370
1254378
4859635
2062904
3976807
6993585
2657531
7794604
2059459
2072578
6575298
3487168
2111834
6920395
4662009
7068384
5172087
1052637
2647696
3529230
4719163
1533709
2569965
4321439
6613675
1989634
7152141
1153467
6693135
1697369
9350552
9684746
5451015
3457038
9237965
433688
2826767
5337582
8213983
8133581
567366
5539254
3036254
4717411
8747684
4506697
9438275
347907
7104649
7794060
9206708
8848693
8848693
7585102
5437323
1145868
2352731
8831189
1002373
746664
2421087
2951923
5337247
2192108
2795471
2795471
8136805
7934236
2270445
5749615
6141745
2475837
4273042
5368142
334584
2636742
3203573
6115063
7661658
6055400
9309909
6431063
6525775
6610725
5408374
4799164
2409406
4008328
5082855
579927
4877558
1486103
9843096
2441431
9447020
6907843
5642069
6963318
6177609
198514
8132771
972726
6992560
2260128
2864124
2725543
267251
483145
6676524
3637506
9786804
711027
1741239
3769637
5344722
8160538
1087906
9901126
9653829
5876873
1466897
4774059
4016958
9731157
3354093
2935969
8251315
895379
870801
1947126
4767091
7460095
5955386
8228098
2203974
5731614
680734
3346070
3722764
4656623
1305828
1305828
1527716
9128749
3962250
6154592
7996160
8351645
3939017
8726984
2635141
8300397
5051085
4096942
6678443
6517404
9208780
6839590
4961331
8763732
975705
1715086
8691462
1126465
1593001
2748044
5932022
323243
7387143
1954463
6251253
1281666
7499769
2474958
4413809
6283502
1067390
5198053
7763687
7699914
8963993
1069787
4930719
718992
767158
3246722
7215560
7215560
3295055
6262153
4242459
3296525
464745
6048094
4838093
2134272
4459400
9050564
7380880
5330818
4643599
8222114
2947252
2784731
2784731
958361
3110084
1055290
6740038
3960642
2768608
7660023
6789807
5801899
9161723
6690619
5661803
2142377
1694532
8403469
8797447
4340343
6717208
4448602
5379109
5413293
6937281
7512882
8182052
3283313
6260909
2879339
2519390
7899220
7846167
8758179
8758179
9703065
393405
1075572
1530363
8240222
1337569
4539029
5556144
4477131
164227
228095
1593949
7624936
3984032
156233
3616883
9314128
8180558
5913410
170437
7902897
5852279
7006190
5566362
3745398
5187474
7070456
4852480
2339869
5227393
2746610
8137782
5687820
6316443
7691006
4203141
1658909
5394367
7650384
4812153
2870697
2849657
3039039
5161100
4590284
9969947
7796932
5692281
5197212
1541164
2022572
1433809
1061546
446668
8069050
9553674
518804
3952140
3944257
875548
6806357
6099752
4832508
823962
5223844
3213876
242210
6157711
9365515
6198504
7824929
8983595
7358182
3498334
5489446
9813271
5230365
7355225
6784416
346117
6912750
6737480
2238205
3416355
1563430
552054
8061852
7065359
5536258
8601136
8779759
1700129
1372526
8033757
8904474
1216053
870829
4712320
6758632
712149
2625329
6768923
6803579
7116860
9523172
8060965
6000593
5458097
7331442
6643574
9214551
9850594
5177985
5146628
8980763
174912
5235770
3814262
1257136
3605278
7927457
1523087
990598
7314629
4721282
5570284
2082242
1211698
1768313
8572444
6360359
822573
5627317
369152
2509909
6743959
7909271
3996346
8201278
3460195
5715961
1615908
8037393
642499
7486264
6209904
355490
2686327
1973106
7496763
6860007
5484835
3151364
5024883
6120917
1419868
8218154
8822072
1651119
4044851
4503522
3067259
1692968
3160853
7084923
6120021
244993
8712837
686678
3915192
8423743
8779880
299308
4246611
2865161
1779509
1726072
814022
5767561
193856
5186807
489883
4759153
2087074
1574371
9137446
5928875
5928875
6386537
1160002
1545057
9447241
9002689
8899525
1056203
7523269
3469065
8706623
5165451
3748833
2606667
6160093
6384759
1071803
608620
4064101
4089339
603398
5834641
0
