300000
8753390
4794072
7578515
321671
4223464
5330198
8272983
5353356
780157
4624777
4150016
2980257
4939620
9578014
6856788
4551955
8888956
838130
8298400
9395557
3146871
217350
6915817
8122954
4022453
9003066
8732424
633474
4501221
1889699
3869534
8296822
7248708
5539407
7738906
6852320
5200522
2504572
6679261
3498373
3623432
9755748
2950310
6862505
6376591
9296186
9240850
6476552
1765195
7279095
8051835
3513441
5214424
6995907
8885370
8856215
1343266
4676733
3925451
5544258
7219342
1536698
5499865
1147267
2039304
9862425
3519773
4939032
1206357
5764078
3126007
6296599
6216623
7987595
8140075
2985895
7653641
7722981
8299103
7064093
3489592
976786
6268000
5217043
4246681
2068418
7591310
8257223
3390870
4916400
236589
1188052
4538153
1960112
4793916
1385543
5057104
8417694
8773856
7434818
9854808
6078463
6170303
3044238
5827096
9391397
6799474
7403029
3514390
7935506
4226177
2314812
461611
6698221
3257381
3117960
7270625
9292197
2751098
9537272
1666550
3158497
2400329
7803526
4400771
126224
3970158
390048
4264972
2646527
7209379
4298403
2190963
1041373
6698590
8524150
7237779
5760894
6357526
720261
9497352
8080574
9125827
8045557
6300065
7880252
8332707
2180521
4311633
3748208
3045960
1109631
2545940
5665975
1281521
4953776
5626966
158011
4539881
3549690
8988609
2366776
2757549
8397309
3126585
300017
709231
4376978
285594
7039595
3174327
3925803
7990335
4119832
5755518
8143706
6519563
7494211
6924075
5857804
9068090
8101506
2480666
9065892
9256652
7883605
7059336
8183625
7604342
1639129
3089283
5402014
6702628
3954233
1329826
4372602
629056
5094638
772247
8386243
5051610
4944750
6398418
1840871
8086882
8046718
7706488
3805766
7750763
812423
1264272
3019190
6188240
6015070
5817526
8290275
4670730
993165
5096726
8985396
8435309
9171412
8968170
3731149
3255999
3243127
4909373
7827261
3038963
6260198
5525971
7194032
2786556
3712433
5377359
3388643
4239953
9798853
9508857
5497780
5928235
8760432
5363374
9141312
6004398
1251293
3316707
8540302
1974255
5977255
5222035
2907527
1507902
9372069
5373919
809570
4399917
9426146
5994226
5565191
6507655
9066415
1003362
7414207
6601406
400967
6100383
5991555
9466856
138578
6594700
6632292
6214542
1257945
8985514
9056574
5404813
9042362
2777407
4518961
5065786
3975121
6365138
6826402
6892710
3794302
1749833
4546097
1468977
3891086
2784098
6053481
3184721
6960824
3141382
723609
8723852
8417526
337038
3433217
8335616
3654186
7637140
9656347
5269116
7529071
8133724
209053
9320481
6441904
6538916
8958158
8151415
5114250
2165853
2226015
5027591
7286242
139257
7872074
7916518
905467
8249320
453112
1273278
877341
9842427
1334126
8062566
413316
42358
739305
8603210
384713
5440283
1335494
7128768
1799277
5980018
4285780
7500749
4005826
9289422
8332135
6286490
813170
3735605
626144
5941345
244498
6660230
1272155
9007365
1711576
2201457
6307261
9080701
9941734
263418
7784685
2768340
5012232
5572857
1489739
3652994
3436682
9815804
4962385
2655547
3787111
6914215
1556484
2400696
3593946
1111816
8260937
4859118
1177928
5318062
1938518
6436527
2153195
4379453
414790
5454706
716182
2093640
6471592
9163219
9711865
8445494
7489292
8928757
3630415
3370754
6088958
2770942
9783124
2671640
9296864
5035055
9025663
6943362
384317
306046
3539818
8603252
2846483
9196027
2558710
4122686
9704331
3690573
6040213
5191735
2688383
2769633
7013971
5241881
300000
4363528
171226
956238
4808287
4234681
9894386
1706382
4447790
2319887
6770539
9677368
1904129
7323136
4856218
147908
9700523
6543460
149236
4046852
6258393
8838624
2638566
1238673
4800378
2318819
8480938
2516551
2036606
4939657
3278782
7391905
9468763
4934147
3907960
9157495
6796794
9760261
877153
6915669
312675
8424942
1774569
3858609
9469854
5091999
5767561
649136
4063344
3999689
2522675
7722510
5500639
6002723
8539643
4784895
1017471
8271390
6805769
8323645
2578711
680204
9218026
8192673
277409
3997809
85592
2774467
1620190
9631866
2233001
3003999
3480003
3884508
8690740
129039
4762527
4999634
6858722
394835
5897537
5439975
8398000
9394836
5488523
342880
4966094
2427470
8799091
1539158
1135440
1053867
2075098
4885258
4564739
9109641
3658738
7909672
6045920
6912437
490028
5060800
314367
6991433
3326336
2285155
65362
1157216
5426671
8069802
1200946
8649199
1348479
4566810
7441792
9988297
8619147
8975557
1084489
6492071
4412727
7446279
8143032
3921096
62233
3579833
3579833
7838552
5371344
4713052
9235933
7668421
9308348
1208206
8716081
4712213
2437049
4377785
3499475
6453128
7305970
7486365
9475473
4050251
7258472
6100268
527216
6793218
5666315
4853553
4204106
8945097
9650923
5768302
1385573
2882493
8418505
921776
3739832
2171332
4896417
129772
9085494
7769835
4495582
7288604
7288604
2405296
3985724
6184164
472037
6786953
6207979
8098102
2212269
3000058
8249183
1744960
4013714
2858401
3446590
7636793
286197
6304814
3026033
2701072
9135131
9723311
3646229
6081956
2097596
212041
5533796
6465226
1308736
1783796
1614821
4102796
3576673
339981
623522
556084
7199106
377873
4859389
2588528
7715105
8849025
6552627
6357821
3874373
5059479
2077159
2270405
6913161
4021912
5553169
8346855
7506531
4524083
2277309
6928488
6877078
1169100
8674075
8027382
563805
5781919
5540576
1243028
149632
4334218
7762368
6288823
5341426
2414057
1024219
5292716
5869503
5231083
1127211
5020965
2609144
7764397
5265351
6085248
7582282
236000
8025312
1715712
6890563
3698269
909151
1680424
7701284
482321
9079841
6498069
8671214
7868515
3594865
6125924
9771047
5369089
5910863
6311836
1026312
448377
431142
8139764
4134574
8245277
8993811
1178013
8271863
2261866
4428487
3672862
8883228
2726460
498523
5511384
6687992
7739096
6018915
31532
7380591
3979625
7670809
7298596
3819735
3743099
4322713
548472
8741814
4245588
7309228
8549412
7188115
8005372
772504
2061715
4276556
8002004
989724
8072775
3279781
9213968
8634884
505498
8936882
1313847
3357218
4042851
439542
5145202
6778582
7937673
9721132
6761004
7076665
8815742
8328235
5910585
4543099
2418738
1423485
1926042
6293634
8904073
845527
5238088
313614
4357449
831236
4771171
1478984
3497404
8931399
8262390
117326
3298167
6019586
4660105
210568
6404883
8318160
1993014
569441
7417645
300000
5296001
8105862
1582886
8319405
1423835
7517794
2067217
2464481
9229550
8740638
3792545
2274944
731880
3255408
9874504
6937523
1906481
1768692
1470577
6507298
4901331
107393
4256512
2662583
2647813
1717367
1881196
1466839
6923199
2908258
6339561
2342924
4352145
3362269
5601894
5986449
6683777
2475282
9919016
6534917
245799
3727997
3904077
2024674
6582393
8395807
1144534
4213591
4099592
887028
9088664
5070843
8957018
8274454
3082861
6123119
7803200
1818931
2725385
6310905
4295182
3194695
2216629
4672682
7017969
1317170
9643219
1635408
8921945
9479268
2438186
688267
5286142
6172240
572996
5364579
9773399
2761088
2245639
5229040
3732846
693293
9426534
8098160
7970099
141238
8259874
3324196
5177423
4127431
4591098
7282042
3020749
3003620
4567300
3002774
1865592
7223916
8805025
704350
7345446
8936074
2438188
2582516
9722623
6515169
8798195
1836347
2016826
8578435
502099
2736756
2632495
3915743
9391658
9097349
880176
2220334
3879909
1418989
4882660
267902
5116938
2030717
8795932
2156336
1688762
2365660
6187939
3744227
5108653
8661249
5950280
7476224
9629414
2300005
4216621
6372364
8603184
4058092
6449681
4598407
2973823
6517757
2186096
8514656
6304416
4389472
9660560
5409793
7199494
2512807
6026164
8089791
939510
8439448
3156606
4960644
3213633
7429192
5427667
6855302
1503933
8429061
5983092
2360012
1966323
5502331
1963602
7571723
3815911
5685599
3484123
6403596
2141695
6070601
8607108
1401315
7737505
2042260
6198415
9980819
1513205
6834674
5284957
1894773
5896545
8890835
3159163
1859575
587404
3808147
7631861
5978713
491071
147586
1364017
4471227
4977830
1697267
4051704
373274
4629798
6773249
6864827
5230733
8098287
9419475
3473451
3096095
1577639
1862867
2647568
7527845
9603205
6786404
6138168
7423623
5917254
5660589
9940816
1054152
2293960
5284629
7958018
7394883
1042813
6071747
1918383
5992812
4536206
9707484
91890
7001602
8971415
2177884
5782127
8447185
7238268
896015
4951051
4991627
8164764
1341359
4181214
4586022
6854821
2279981
9248605
3344776
3203623
1181563
7191812
5818826
8588026
4624650
5634477
8162731
6226789
3752105
4215135
7756566
7765195
8747108
4124249
9222055
4321940
8553647
6081147
9695501
6220882
1841367
4165771
3590951
5845072
5261318
9004311
1378191
5251547
8842275
5246334
4365077
6414047
7365670
8027632
2635690
7674855
4179628
6736335
1923063
2686523
7758475
1498559
9568397
7630144
3416865
3797410
9066340
1703090
8790428
7478681
92129
6418985
3901750
9429354
2641614
3191435
8861711
9208344
6041046
1363622
3134402
8704623
6672677
9423751
1552912
3747133
6915634
2333519
4790534
4749779
2322552
4418929
6976836
3439054
2428556
8141495
92589
5511488
2230380
8133824
6191468
4339245
995963
474563
7628225
9780593
8584078
4257754
7503641
6267953
1296816
3728960
9088635
9771081
8124262
4129303
2527240
4615149
3725839
8198537
7982807
9698121
2373285
3842439
948432
4041125
8507285
5531993
8377554
2002823
7907157
7654397
8180009
242932
4439225
4219069
2301617
571839
5731924
7517024
4440094
9572030
6737966
7862237
63882
6165627
9025911
4218280
4599933
2639398
2743238
7578132
7215458
232859
2652533
439168
1743631
6026407
4981075
6515621
7937818
7023007
3082884
41085
8699716
2410159
2410159
4201760
5295777
4880333
6858994
8757001
5597294
1928673
7342863
7382460
9423081
6966080
8707430
1483093
2030022
7105700
1277828
4104413
1822797
8957574
9020144
2559780
9010973
9678059
3497242
7595223
2985454
9512291
5376049
156792
3878658
6955715
8208329
3735008
1971728
4312115
8723593
6533302
3493772
8652175
4522820
2017695
373455
5112271
3936879
6806137
4270244
9197238
1977044
4361391
3310720
3712241
1095925
9708946
1983330
3229974
4547847
1946126
5303030
4506569
5852313
2181244
7035315
1593396
138765
7013426
360162
4065905
3300576
3249891
7764109
9649974
525562
200824
1210665
5630466
7892110
3851575
8548222
3205150
8363762
7857203
9665273
1641522
6466682
6226734
7255911
3828076
1009432
9632389
872504
6158470
2752469
6465516
3263456
1365900
6380135
1314812
6887952
5200040
6972480
660597
5616434
6204493
2988254
3944315
9270085
169093
8825246
2486146
1092428
1762368
515686
5460508
1597705
9985820
9288487
502870
8778283
3544346
6265936
883868
4910943
9461725
3481083
3318982
8924906
6093913
22784
539523
394239
1361521
9644754
8947693
5693236
6005387
6087292
2828930
8901173
5289991
314023
3220016
8750181
2823346
9753944
5174114
5855683
4621073
2703476
8229129
6898731
2130334
2759693
4724348
7268384
7926424
7826698
2388997
6383440
688586
2822619
4854331
8372002
7645802
2729298
9061794
4763764
5012600
1001648
4298405
2745361
4376424
6748020
8901226
5561290
4602393
5813145
190113
8263894
8908566
3397054
1245623
7038965
6511403
2106558
2380480
1155554
3061409
5808052
1429466
9234453
9727714
6077575
7033017
3412623
3970552
6455057
4176054
675351
