300000
5600020
5240437
3305828
470136
1857010
1573372
3635013
8524092
2479924
965902
5524556
1721962
2811523
9890985
8125790
484771
7189122
9608489
1650244
9632452
3403059
7501913
9014768
8027900
6567487
1772913
5472614
3079538
4837975
6375465
5405036
2364135
4711501
2153575
3267914
7602878
2435524
4361853
5089261
5799826
4365391
6626639
6733301
2974343
7638726
181150
404223
763540
6397935
351090
2871462
5472537
3706919
5481121
8567534
995400
1886340
1014921
4105511
769380
846623
9167390
2490764
7158879
7595190
7215213
271081
1766284
5504550
7518104
731812
2225145
3651160
2271712
6160696
3899532
3817715
3816678
5470305
5242627
6083290
4100759
1268713
8004342
2501478
3557091
9218491
5551570
9269922
7026535
2156448
7850354
781377
8626156
772877
552869
9383258
41331
1948524
8163332
4315146
6072457
4576042
4654264
2872111
2011569
4286573
4219317
3266225
3441030
5700256
4239040
1700080
5603228
8070177
6729018
4717160
7355326
3550499
5622829
3155699
9090213
